,DNAJC5B,ZNF574,NFATC1,INSM2,IL17C,NSL1,METTL6,SIX3,CCDC155,SRRM4,FEZ1,MAEL,WDR89,CYP4F2,SLAMF1,ZBTB9,LINC00599,ANKRD34A,CACNB4,AKR1E2,SEMA6A,FAM135B,AFF2,ZKSCAN3,GJA8,RAB3IL1,FOXN3-AS1,C6orf52,SOX10,FLYWCH1,OR1D2,BTNL3,LRCH4,SRD5A2,MESP1,MAP3K19,PIP5K1A,KRT83,C1orf94,NLGN2,TTTY8,C1RL-AS1,CCDC7,RASGRF1,HMGXB3,C4orf17,GRIN2A,SMYD5,SNORD8,PAK3,PLSCR1,IDH1,TMEM56,GOLGA5,GTF2B,IL13RA1,ALDH16A1,LARP7,ZNF227,GATA4,TXNL1,SPP2,PRPF38B,UPRT,CTSV,RBP4,PRDM10,CCDC90B,RTF1,CLEC4A,UNC5D,TDRD7,PTS,COQ7,CTSC,MAP3K8,ZNF326,MLLT3,AASDHPPT,ZBTB44,SAFB2,SWAP70,ATP11C,ZNF134,PHLPP1,DHX15,SIN3A,KRTAP10-12,ENAH,TEX22,PHF14,INO80C,MLN,KLHL42,SNRPD1,NKAP,TARDBP,NAMPT,L3MBTL4,KIAA0430
DNAJC5B,0.9999999999999998,-0.047290009747244136,-0.17517137745064912,0.27484971459205065,0.1173802541409974,0.22264071294543197,0.06915292940510849,0.06939291935024479,0.32784988433560797,0.2965572858925557,0.2542347472625234,0.2979268533377338,-0.007684198168549809,0.34404247768844803,0.14255072587892365,-0.1038434660594253,0.21279355119230253,0.009503710290809805,0.156965755782341,-0.13114395942233073,0.24597525014363125,0.13005998558482262,0.16392919727311317,0.2143033886861439,0.14777854341356067,0.29901874365045156,0.2727389710686931,0.1521497317639409,0.3074314573667942,-0.1287963908274916,0.0639510423538255,0.2661220845588458,0.14065979442681573,0.12488050637986153,0.18850249585248868,-0.161281470696685,0.05364363514331816,-0.042953745317496725,0.36034086285955524,-0.16443017067225035,0.25621729684886263,-0.04178761305224002,0.13942772153779578,0.091771486625154,0.08965738054790172,0.21755496310282535,0.1986686132042989,0.2062389951039385,0.09026175494086264,0.19695394802739397,-0.17065491001854696,0.038932320171572346,-0.15177651795383168,-0.19996049784235242,-0.1659236266760506,-0.1921317805065731,0.03576289385592383,-0.20522618654045363,-0.2762318808960713,0.10551256080924959,-0.29388128653027035,0.004939683195386596,-0.29064019090516924,-0.2060221490134074,0.1611178233969714,0.2468369676559537,-0.22024077081773383,-0.14635564955786268,-0.037623942475653455,-0.028762956734587695,-0.2239041245838069,-0.23336229455356539,-0.1833214776826491,-0.23745845138729885,0.013177605888167397,-0.2913687760876342,-0.2408773102758634,-0.03511745228350141,-0.05407337560834194,-0.22080418796806534,-0.15667235518449973,-0.24653509613231722,-0.20908582408079457,0.04014671597920792,-0.14803162610181822,-0.39544412169754795,-0.1292953481584163,-0.19494696612886908,-0.18693020552218054,0.07775471347598895,-0.17346061855950426,-0.014104666029413362,0.2810282043247458,-0.07453123591584088,-0.2659345324724198,-0.18441052456319654,-0.10455168856293118,-0.06255309186591233,-0.020083675019977654,-0.19027825873304527
ZNF574,-0.047290009747244136,1.0,0.06497294240414339,-0.015962663933279563,0.17685021432606723,0.144366043469491,0.022346851457029304,0.10707413577355736,0.003069770630372143,0.06575000901986713,-0.06734715379045665,0.20773705156546624,0.25149362178617385,0.06353855664382932,0.15775359372409886,0.24310586354470645,3.119662790528402e-05,0.16579105787582182,0.12468557583578964,-0.11016685295812759,0.19168757232513392,0.08265153618049864,-0.13949532789194322,0.0829208896742592,0.19402779845316614,0.0627546907973473,-0.027781417051556026,-0.058860679798599706,-0.17343218264597907,-0.02940513288186808,0.020563558504864268,-0.15251333451999577,-0.09032321628758293,0.12031281484724621,-0.028269801772024383,0.13777733651932977,0.08193713593196782,0.02577155727123115,-0.03492746128735112,-0.03990298042753691,0.17243848650052906,0.11270879616367324,-0.039925426581833415,-0.027360527839798476,0.08856727953681888,-0.0009939166601072857,-0.022297066765961618,-0.08397900741678387,-0.09453720131544963,0.14517481953293143,-0.14707495071523305,0.09543605701960993,-0.06347047553666116,0.05551270683736987,-0.14442733086181808,-0.12193270533727968,-0.07794200723140837,-0.05671114155886385,0.010312441952288476,-0.16996148306703013,0.19043649441915386,-0.2161608228072418,0.045396427456406124,-0.0233279142515656,0.07540254007954492,-0.07832309853165709,-0.05303291701342066,-0.13784033087487219,-0.0016774260877229531,0.12209855625992427,0.06605015441189538,-0.02981927463563423,-0.0728722544414086,-0.03921995585189469,0.03142278991225208,0.061631036219439446,-0.10535840982693226,-0.10328992659316831,0.04380650830537415,0.040638088435328845,-0.030491819641442642,-0.0808498926965178,0.14600774560053995,-0.14490941913892635,0.1031039940633777,0.013723024985677006,0.015890268193828737,-0.220971116813302,-0.03426433742396589,0.06090945396839681,-0.13476292206363835,-0.17451990329300704,-0.08670060809659283,-0.15141631287260351,-0.1837650266718473,0.05133334675929177,-0.05396333651075799,-0.16411561940719854,0.11297250653016631,-0.07954817780992102
NFATC1,-0.17517137745064912,0.06497294240414339,0.9999999999999999,0.3400301859296147,0.1455957848835078,0.4664552902242807,0.2768091407150689,0.16607300010417111,0.07932683681151219,-0.014217903103830178,0.3444358193921718,-0.23792579133233313,0.11809030932238951,-0.3072362230978067,0.42727650625171343,0.5484507777671924,0.001274423102538641,0.42598832069941717,0.1837511249207425,0.35851175452736006,0.038998849471630265,0.1430010227586131,0.15511941174915117,0.38393471065564083,0.02441716869107927,-0.20658141605897437,0.13246868591729366,0.3986488738363107,0.09517180998781465,0.3432011183607451,0.03410238415231569,0.07811523133564902,0.3470795914216628,0.03005809103675104,0.2427516813282128,0.2516764883767764,0.19126301581097713,0.3741575499094112,0.02904048275146593,0.5644588283760303,0.011688285814323952,0.33673750335259234,0.27356230550560123,0.044959618330886505,0.4293614132429974,0.14879485452091343,0.03920395172973925,0.0498926943194298,0.24355013584370666,0.05798427694284057,-0.07734935615233404,-0.3043269134181369,-0.09937060323324311,-0.4051199725964264,-0.21877044516574104,-0.3286672283281409,-0.3322431007583593,-0.08181864715524367,-0.4094464071347359,-0.08331737704968828,0.242120301393643,-0.14404663064281903,-0.35606948993608023,-0.2850640639425004,-0.27382858899479917,-0.4064181363311089,-0.20160238734933067,-0.2692848188264426,-0.3646892859376855,-0.1257767561742808,-0.2512573623968509,-0.19292206302518355,0.029844404517011133,-0.05308149393619978,-0.17478424141116747,0.11701767899353759,-0.17802316922043254,-0.3267564372722949,-0.5902385876165761,-0.18243273322848352,-0.4501428010213092,-0.08662617310905606,-0.10975740698477493,-0.14445080389039283,-0.3812591634288095,-0.01187555360194277,-0.3181238119585527,0.1423386894658303,-0.14914991479452508,0.13820850284884378,-0.19282236190792973,-0.637242471901326,-0.17449457141224511,-0.33108355715618637,-0.3652134261560348,-0.11360235715757175,-0.27789042587123114,-0.11648954587951255,-0.27913853204181605,-0.46426766132779906
INSM2,0.27484971459205065,-0.015962663933279563,0.3400301859296147,1.0,0.1984447056694899,0.6016473355422332,0.32878599468709446,0.19168492491513006,0.49092699319622535,0.3486841131572008,0.5623878629950171,0.18644896666328717,0.13685529224844514,0.2227584599894928,0.4112903453775324,0.40090413510046563,0.34569648408823034,0.41940316273485856,0.4111370253326195,-0.023624723877796072,0.3876439576131793,0.25412753750603134,0.2596153951993633,0.6659322922364759,0.1999144544695791,0.2647096304453262,0.3500062927479204,0.4575097430186742,0.3217857296958677,0.01946925482625339,0.2027803244152131,0.3576985471737661,0.13013926969930303,0.13582517821112378,0.34970052355212056,0.14128169445731578,0.17495902038744476,0.2847035982447365,0.22873178233364516,0.2450915242568813,0.20173565384074058,0.34695998757465746,0.34532179324047685,0.3926889086843204,0.46846603445678964,0.5396309005476023,0.3851857543449041,0.2931500391470336,0.2856210676014919,0.3444035001651308,-0.2470459715658259,-0.16201508952718377,-0.27232101886114995,-0.5981359780238177,-0.35247264811815443,-0.5594941944063966,-0.44928730522721794,-0.26879778807501786,-0.634863040035994,0.09166119700947255,-0.07890019213163879,-0.15442889055357403,-0.4994145336132527,-0.4294114657947835,0.06842277696628879,0.1838553281451068,-0.5219473261726205,-0.34760508910866095,-0.2634814526020277,-0.010963913868694667,-0.34185966940423296,-0.4649140978403821,-0.18227030889136847,-0.18501042843410304,-0.039969343447327006,-0.3182737666133888,-0.5463675148805454,-0.2795359319480054,-0.34273650756786006,-0.35003747446976624,-0.5836120113269644,-0.3696435593819112,-0.3064238998249616,-0.14695054830951948,-0.38896074237128825,-0.4469993226648945,-0.4557082182209473,-0.02161341203388613,-0.22351917563139012,-0.1318279749201341,-0.4937651495871438,-0.46907464777944036,0.028158763317716225,-0.41224033208656774,-0.6009784177991295,-0.3920427194798184,-0.40665520833035484,-0.26804019092564846,-0.3166871110707678,-0.5890920482531186
IL17C,0.1173802541409974,0.17685021432606723,0.1455957848835078,0.1984447056694899,1.0,0.1688832171077495,0.018842689748045545,0.21604580495756662,0.056089023816728874,0.1374471922925967,0.15459745583029577,0.12594663678036544,-0.09030584578782119,0.20407310184993874,0.3756890510037779,0.04752546722346396,0.3247395813675169,-0.04120961376036628,0.07959443994902804,-0.21717540147454734,0.4013573987868626,0.24141455699688702,0.04203828683920232,0.19040182833127042,-0.10543445419674591,0.28442153196072606,-0.02972362357242798,-0.10325114415634848,-0.05400532381069407,-0.14631155912343485,0.17141461173914,-0.03370186174929696,0.10745001287907885,0.10744097517722966,-0.13230359906456685,0.06940338564469924,0.1216397345914096,0.24627243387751627,0.07137620050013119,-0.06335755873061052,0.16078999780451864,-0.1266053835470253,0.044066318414232676,0.1297541719500084,-0.03065651826980678,0.16825424278153922,0.15459878824195217,0.15525613061598542,0.3994143565025161,-0.07749725298221254,-0.11052769780854824,0.13141553900536845,-0.17393788266028745,-0.14785773793570817,-0.08687152029629189,-0.08654351840784844,-0.10082593605961238,-0.21077472683856346,-0.13882260503574773,0.11080283389915793,0.18383399822543173,-0.12041620454788997,-0.1284142017781478,-0.1489407812935169,0.2323226933311655,0.11314596757560567,-0.224795601602643,-0.03785172818298648,0.07425947306625094,-0.04264772294270858,-0.06616327324527915,-0.18203738877881334,-0.11844770222418477,-0.08336308250060578,0.013370294218083905,0.03281789172868011,-0.11807304081036255,-0.052432310260178736,-0.029600872197516913,-0.003085775515116348,-0.12340722996921227,-0.146681235113527,0.0023792913685515005,-0.09416594829415245,-0.05755366443873982,-0.15877081639887936,-0.1383212726531296,-0.010464975488621207,-0.019431460310000696,0.00960995920617743,-0.14741517350587896,-0.08238372057123357,-0.015340862143548201,-0.08168982858502875,-0.16605788678017683,-0.07670022326589748,-0.10656508452659365,-0.1357914663096197,0.07606587133577164,-0.14942781483428527
NSL1,0.22264071294543197,0.144366043469491,0.4664552902242807,0.6016473355422332,0.1688832171077495,1.0,0.3332774624711478,0.4275530521525416,0.4217240221674297,0.2642678364345896,0.6296409867966678,0.23390893840232788,0.18075831675040976,0.13538659854076507,0.65463706945583,0.5509993482361146,0.2801897544516994,0.5131417756208969,0.4987027715002572,0.10647765633206867,0.48395135532452316,0.2705230024166524,0.26957659146713464,0.7627758643882159,0.27003591219340345,0.26535075321162804,0.3137441864995839,0.4884220762254754,0.3879718350346556,0.13625511141700633,0.3410311297339348,0.24560819305513176,0.25925122301902104,0.2994261852717668,0.4209521687590938,0.22235514421042707,0.18854432473108618,0.3587281802531942,0.272453800353894,0.5361305241405419,0.43336536823270155,0.3505909698059664,0.18504720802001215,0.41809713039493823,0.5075906457124518,0.6588660516717858,0.2735219413062723,0.37223667016125433,0.19970252475211914,0.366826730069032,-0.4198477538953015,-0.26195898856200495,-0.33804676745376455,-0.6957046747989654,-0.6458213305052413,-0.6317545259116906,-0.47107602118692327,-0.487122271849951,-0.7824732334311556,-0.09709690766857809,-0.2301091003721372,-0.36720505491548683,-0.6661623860438666,-0.6166686171660987,-0.03314845554078696,0.014521527342537711,-0.5442007809261882,-0.5570841166209424,-0.6418839330818535,-0.08632844405601521,-0.363246680133932,-0.56760888268116,-0.3136015224000828,-0.5240856111313196,-0.246126063587253,-0.25001796392623704,-0.6866465421670909,-0.44906946911893875,-0.523908924692608,-0.458735228633522,-0.6044617305026113,-0.5198192707140735,-0.41273503121072025,-0.30342989603733256,-0.6210698393876177,-0.4487568995775384,-0.5379689297202899,-0.057317900966249294,-0.3854104301435849,-0.1930798211717158,-0.5507961679130262,-0.6981469877242181,-0.16084715388327608,-0.5383805599893711,-0.7795682560438675,-0.6481318960667604,-0.4902204013061027,-0.32434388322539137,-0.3660913982381953,-0.792879928800037
METTL6,0.06915292940510849,0.022346851457029304,0.2768091407150689,0.32878599468709446,0.018842689748045545,0.3332774624711478,1.0,0.042827286227531125,0.20657851120686227,0.20205977493518598,0.4606850614943589,-0.2416421409731428,-0.2257891787784199,-0.3363901998752097,0.3539563736412924,0.48796456449224757,-0.32374500352666147,0.30578461121851674,-0.1331327283121426,0.15344873873708872,-0.17613620916111383,-0.28370476696652525,0.017873137434866414,0.38545329872479994,0.3340322059485623,-0.3733570926300118,0.25310646502562784,0.62016485221876,0.008107196449266978,0.5501607905491392,0.18235193019594167,-0.06319454714072487,0.007289663871957799,-0.14530345186408997,0.518557782608414,0.13546425042057147,-0.1066498834560631,-0.31222230574788745,0.0520542866198513,0.15138990789444629,-0.02071958904259108,0.43116016580131333,0.02481622745181997,0.0817024771443383,0.3033117776110601,0.293239008183383,-0.06998180046897395,-0.050477053674121475,-0.07365740019224998,0.14956453482394053,0.23664238796941003,-0.37895714757197596,0.19873303485584232,-0.31934850872588416,-0.0900548751727966,-0.2119503555370989,-0.43536671518219505,0.1961057615900877,-0.3493975235166355,-0.11286905973298883,-0.19526117377034724,-0.23563599016509693,-0.06619937926616234,-0.20335873452408254,-0.5091928337726739,-0.2014234390340964,-0.08528814300334432,-0.278705933210345,-0.24024134190340374,0.21891096335271898,-0.20829211335743458,-0.17656271330947967,-0.03692309013810759,-0.21122948228447863,-0.2038262266653984,0.03723626466198911,-0.33125361450279733,0.045051778847737804,-0.37362251205309094,-0.46431759926320487,-0.41835914048299455,-0.09077205020206605,-0.20359961385079617,-0.07586766630160033,-0.1627780345069688,0.11364242701340521,-0.0641783143181525,-0.3612689987198609,-0.28217134634065577,0.11887502251078631,-0.05250725524407239,-0.3816240930415047,-0.1725674121653591,-0.2866032391166261,-0.1833309033524375,-0.10074809441079696,-0.5471888429609135,0.22354823198582563,-0.406265973292546,-0.36206187623138775
SIX3,0.06939291935024479,0.10707413577355736,0.16607300010417111,0.19168492491513006,0.21604580495756662,0.4275530521525416,0.042827286227531125,0.9999999999999999,0.38839355346704674,0.10172378273253187,0.0586399987554988,0.25450525535961777,0.12595251443553987,0.246813634978632,0.22149266572255677,0.19709111730433326,0.24643147921925027,0.19868065784291072,0.43427658919770706,0.03396566298909984,0.28249277264344247,0.21837730899939797,0.380137442321169,0.285443126413542,0.08940061071763683,0.3390711785928222,0.1761258280993976,0.007727822387283138,0.1468536013796739,-0.018429869104521268,0.35282603908732774,0.1465213072951979,-0.0862203735716511,0.2794432764499105,0.09862886753247067,0.15128175372797023,-0.056495307346142595,0.3200915327961434,0.2384441428451805,0.24153528668292557,0.32434291549628247,0.046603950038741786,0.19533772212978784,0.23997204797848162,0.004887843773160976,0.29212054676409344,0.09614539646401297,0.09918222588464465,0.15691797419174974,0.17273837447310422,-0.35949168587867075,0.030005272551622712,-0.19354108673541204,-0.19304371785271585,-0.3283520317229532,-0.31373034613039186,-0.16368309655228533,-0.42688655783284096,-0.2378067909383189,-0.06566373804856132,0.1291519508100131,-0.22017027815418158,-0.3539270269661013,-0.2720125018987239,0.21834269475418366,-0.08474912476745036,-0.2753257755614319,-0.3170156584469592,-0.22488978257026787,-0.09146634478217176,-0.1337934906512111,-0.10411307637604142,-0.19167897036311363,-0.25237365135497347,-0.06915318900773354,-0.21166581372226606,-0.282800285817482,-0.11603010721539209,-0.1767382892497936,0.11791191817698529,-0.19276643097108184,-0.24837620384481834,0.03381756031535764,-0.16256880102637916,-0.21100962205259619,-0.24998869274718466,-0.333981524709672,0.09148896952425575,-0.07561254396435665,-0.15922406585324123,-0.28015420251493517,-0.28807524571795734,-0.2246018363202737,-0.1989311546516154,-0.4209049658546251,-0.24158863268268138,-0.21127668575509825,-0.43879283804490243,-0.06211487732931366,-0.3447696061828226
CCDC155,0.32784988433560797,0.003069770630372143,0.07932683681151219,0.49092699319622535,0.056089023816728874,0.4217240221674297,0.20657851120686227,0.38839355346704674,1.0,0.22200057044636134,0.12465401684986124,0.2908442892506815,0.2921170148173762,0.27616887783447575,0.20561424920559063,0.25853778141746747,0.17872436161394606,0.28868442326536214,0.3363853650117095,-0.00222467641472047,0.21505928768048876,0.10172209046397845,0.17000375890424485,0.3850389407314531,0.21413757162972247,0.18289576882943512,0.34085674916083275,0.21132694558854948,0.1342078682295289,-0.08918612791067962,0.4302174162060606,0.03244329662737659,-0.07584847024884919,0.2809410763747941,0.09715411537362661,0.07012982438973145,-0.027564365073933193,0.16077416032407243,0.15893887809302756,0.1663668043039559,0.32398165955492503,0.0566750700321269,0.1334042430219053,0.24341425825952845,-0.013042366620588143,0.334485740811575,0.29016331094641423,0.1461590950213238,0.06045321924849259,0.13519276230638672,-0.19387561004712522,-0.06828456486435931,-0.10764355178517067,-0.25849729417821754,-0.21866225726462002,-0.3543940559018026,-0.17157014520431674,-0.30343161337535973,-0.3901800909825167,0.1411662989041173,-0.01242410946051875,-0.09458832046218443,-0.308944405471259,-0.27866490522707305,0.14134470933073795,-0.02708592067322347,-0.27526733848122475,-0.21052559114304267,0.013430043730087556,0.03511911721060634,-0.26726250303810795,-0.22176283321281892,-0.21293815341862754,-0.257634121654965,-0.1329884601176829,-0.3168676825513799,-0.3737278089108629,-0.1595351293112197,-0.16185654732447796,-0.11842586688244379,-0.33063209989290976,-0.27211407020243217,-0.11782832655538772,-0.1413009285294652,-0.24807527591701778,-0.20785554704487638,-0.26982910250431796,-0.06007695755136727,-0.116996230098302,0.034870949449575916,-0.3486997347710748,-0.2886558163096826,-0.02613348397757971,-0.24712710245153702,-0.3965633726851444,-0.13956407036565419,-0.33691707764052214,-0.274482434421062,-0.19303349796202932,-0.38581043422932426
SRRM4,0.2965572858925557,0.06575000901986713,-0.014217903103830178,0.3486841131572008,0.1374471922925967,0.2642678364345896,0.20205977493518598,0.10172378273253187,0.22200057044636134,1.0,0.2676530155010308,0.2155563247343651,0.05147534578458736,0.24690197580024964,0.32068213737051665,0.23593565116425602,0.13794524051342807,0.16793530257756123,0.18788495604668776,-0.21900718299302305,0.2441617291260204,0.07106147505411464,0.02150882397079752,0.3643331773134491,0.09763976060178509,0.22836527256743205,0.27585984387287193,0.2503001243591663,0.04707599446189534,-0.08076968313187666,0.01809247173994586,0.05495058332563782,-0.1857178634876693,-0.10881279853320301,0.2577126031492281,-0.013830631421308151,0.10114814231044716,-0.03067450098480013,0.2520268229995197,-0.16283996466068973,0.23450922172661812,-0.03715375812496215,0.023999500540330634,0.07121905215657225,0.04560103593904623,0.21741410451263493,0.05793790513061041,0.11880451798594352,0.13154280456800738,0.3211317208469699,-0.13805388974319394,-0.13821817381916449,-0.3243207622889818,-0.2454614847387906,-0.05324844920981483,-0.3464494615290298,-0.10781625819729446,-0.1317152238372642,-0.3911613367287731,-0.281783939699202,0.08722194172205677,-0.025202531416371445,-0.10914941564075019,-0.2212078868666316,0.08137064130022656,0.07765122947662101,-0.2570391591969506,-0.15494825057701112,-0.0512188695291628,0.11844279423203091,-0.191772802235195,-0.18985219527302166,-0.22994319677546576,-0.19006960602240697,-0.08052387533157387,-0.4380863352142038,-0.40738663759867,-0.14012632487433557,-0.20301428875131788,-0.18414178308691842,-0.27843053843567156,-0.24448385317238847,-0.23039010845104962,-0.027524361073713775,-0.1620242257008498,-0.1690148772775539,-0.2993951558283805,-0.16955090270241246,-0.266873524302783,-0.2035529231104169,-0.4208093576589531,-0.10818172751811105,-0.041024794935788866,-0.2623254438544067,-0.2934813472738881,-0.08234111386519317,-0.395277072908624,-0.11559981340704344,-0.14181775723909312,-0.3046322581172454
FEZ1,0.2542347472625234,-0.06734715379045665,0.3444358193921718,0.5623878629950171,0.15459745583029577,0.6296409867966678,0.4606850614943589,0.0586399987554988,0.12465401684986124,0.2676530155010308,0.9999999999999999,-0.0762869804487469,-0.1640140356642078,-0.13256568108611652,0.5156700499871449,0.3798107958164484,0.18470918878370418,0.3956833551678606,0.23770268248920345,0.13588754664798583,0.2174981278646726,-0.06704701306638564,0.14486975027754334,0.5627853283361564,0.22726466533540385,0.006806350553131335,0.20057817881912807,0.6608587038117186,0.43635853427431504,0.3520642085134581,0.20100302207421689,0.2355035525441008,0.31963447784666604,0.06286201221459659,0.6638961494646786,0.19313568649699842,0.07894825015981109,0.07919442000163554,0.18878457959148495,0.36760994610129194,0.16296690370776998,0.4390095715704794,0.11370006039172745,0.20982977115424264,0.5042448817363633,0.536954777510661,0.18456437181852514,0.2555710710956261,0.05276354426151,0.18139348313189885,-0.20102144061919983,-0.3912455998535801,-0.18825814410688768,-0.5867935504823292,-0.41033935796080634,-0.4169308700093074,-0.49078778802580364,-0.21601252398066176,-0.5877079537143599,-0.18743571243652302,-0.3750959870468886,-0.24819086693636663,-0.46542128361404544,-0.4121411810825457,-0.3465026305350908,0.18723936162017557,-0.4568658774166423,-0.4345481040007492,-0.5169103763895331,0.08175584040506605,-0.3860268424239942,-0.515632338454071,-0.15389594606707982,-0.279146719230845,-0.09869214710622667,-0.07204791989802956,-0.5468231366119812,-0.15571307025898468,-0.45136252180641845,-0.5160493653293947,-0.5201160082556846,-0.36200996966909404,-0.49188572562292043,-0.08282048755008506,-0.4497353121457417,-0.40960180251018796,-0.3302819513344583,-0.04813533619832763,-0.30814374631657604,-0.15631137502196693,-0.264154022713475,-0.5199193212597011,0.02853546506786299,-0.49269403101538833,-0.5160270781966518,-0.5330862603200157,-0.2613245802501229,-0.0023274215395048953,-0.46994684350701277,-0.5685209758370064
MAEL,0.2979268533377338,0.20773705156546624,-0.23792579133233313,0.18644896666328717,0.12594663678036544,0.23390893840232788,-0.2416421409731428,0.25450525535961777,0.2908442892506815,0.2155563247343651,-0.0762869804487469,1.0,0.13945150221128474,0.7592936502001875,0.1349197447840133,-0.19108608740561528,0.3546269551885963,-0.07494059231714667,0.2187560469340491,-0.2653248700280325,0.4534580957826834,0.3815925331771667,0.023866525682835628,0.2597400183028922,0.20936246783694895,0.6193054613455474,0.2685353646487235,-0.18375280149130635,0.1258019714013551,-0.4683898903944128,0.12602125168546985,-0.023741051706504174,-0.3120915738208303,0.2794315213650053,-0.08439053554035549,0.07538868834950123,-0.027807237907033724,0.2063288078210426,0.167874993824947,-0.2797310639338887,0.42135500010439453,-0.11116361677182887,-0.027356866918774786,0.21714012096818236,-0.0537127086195249,0.20696174403475695,0.24833811786943805,0.160000839818741,0.10421638130747807,0.18926088468691465,-0.3791715559841901,0.23349612388421287,-0.3518240514690254,-0.09559460372067999,-0.15749886160758492,-0.2993292392129757,0.0805338897021891,-0.3854981036705517,-0.25468528351457065,0.04501912486947946,-0.1009318488973506,-0.035330349104912756,-0.2343550909361226,-0.2268614825825338,0.6095248742980213,0.28740447945569203,-0.36164510421998425,-0.12613887461820097,0.017520580913845243,0.0558235917055794,-0.13693422863112917,-0.10182104424692372,-0.3367358597768978,-0.23938410147140332,0.02442000938268179,-0.43213435790615085,-0.32418387113056935,-0.1715149361078682,0.211289430089551,0.0015542192006970795,-0.009320500929920207,-0.3064603970210024,-0.15831363326572753,-0.14667466277147778,-0.15977798388830858,-0.4247056336835451,-0.21511538393950402,-0.2064502388400507,-0.08844760018956614,-0.3342806383583673,-0.3754519730862298,0.06963264763473362,0.1010837248774264,-0.12934121266500773,-0.3636586498733013,-0.2564286110006852,-0.17613229329857066,-0.3667322785987227,0.07582082271105664,-0.18758739468956387
WDR89,-0.007684198168549809,0.25149362178617385,0.11809030932238951,0.13685529224844514,-0.09030584578782119,0.18075831675040976,-0.2257891787784199,0.12595251443553987,0.2921170148173762,0.05147534578458736,-0.1640140356642078,0.13945150221128474,0.9999999999999997,0.15171343337243418,-0.09764588815473851,0.012564667376049679,0.16443945594575185,0.20336467077746395,0.2865137097739659,-0.130715527055417,0.22442557203116054,0.3378186418959548,0.032282436277665985,0.11950286565900972,0.03694589746813028,0.13699109461394485,0.06661744378383093,-0.20237285000224198,-0.001005916933212475,-0.17325907945482394,0.04969742760730754,0.07813052528733393,-0.09033878144732448,0.1401522361758506,-0.14333024471132783,-0.04347964201494683,0.03567433563690489,0.39579791012133103,0.14505794785085652,0.26773802479153996,0.29268440633767784,-0.08200938070536441,0.2536452729254456,0.1641690182966432,0.033530657157812394,0.12442445020095602,0.18682564405607271,-0.10242588157471073,0.08606726387402533,-0.019445053033850277,-0.20559670359543017,0.08183550057334998,-0.11156304077336282,-0.1018057071909791,-0.22106538591990677,-0.16679681543362557,0.00275724548636172,-0.1502969316594207,-0.06745970329554563,0.21841144965557358,0.2859723583674272,-0.003718498714134851,-0.1709772359476523,-0.0030746717120495627,0.25528715519055223,0.012100520280053276,-0.10641968431270529,-0.07636676768967306,0.010712611031430279,-0.08038950841148804,0.0501174303943036,-0.10873741202464086,-0.08124032419349585,-0.02872794204252367,-0.01839026554350382,-0.23630274827251396,0.019580867280685935,-0.17229144185748982,-0.08568197013999357,0.21376629189389373,-0.03342084575578728,-0.1172509175021732,0.08834683450726452,-0.17336881883285307,-0.07518098130842335,-0.0910042830537651,-0.20068547932068614,-0.008439798477897331,0.06871158017022685,-0.15744354247556214,-0.12187583858129267,-0.2334261318264056,0.05303520942726419,0.012326026155965512,-0.17736912737269062,-0.06338794085762661,0.07485460602838606,-0.3714718121242264,0.112343727101887,-0.06982110803003233
CYP4F2,0.34404247768844803,0.06353855664382932,-0.3072362230978067,0.2227584599894928,0.20407310184993874,0.13538659854076507,-0.3363901998752097,0.246813634978632,0.27616887783447575,0.24690197580024964,-0.13256568108611652,0.7592936502001875,0.15171343337243418,0.9999999999999998,0.003436873274420143,-0.3971859629977006,0.5143589046028971,-0.23004627037086806,0.392092694285016,-0.43838419005993456,0.6153509620315517,0.5188727620156005,0.17283941666016986,0.21908068541007128,0.1944681787192716,0.8445550878421455,0.21980022041015154,-0.3539561794527679,0.2822107641665888,-0.6279217033668854,0.027663148310003906,0.15852296469073401,-0.2533709851905829,0.2986799829575023,-0.2191039817233861,0.060548463966863156,-0.08126542567220485,0.338457250071943,0.21457070653953908,-0.2815945361254349,0.32705597487719973,-0.35846552462549697,0.1926018662686309,0.1920840303122467,-0.14030133260814454,0.21681344902225308,0.3729576710111785,0.24775701258134783,0.3146222471769775,0.23038267488471323,-0.46926130808789923,0.395519268963666,-0.39471491941017595,-0.10253114517650429,-0.16541994415312208,-0.1994439548677681,0.14119839305294657,-0.39719441896195695,-0.16575490303869628,0.24154118044710682,0.05126769515623375,0.09756787597956439,-0.2336882395974753,-0.21543829235754955,0.8689661542093198,0.5425224464839882,-0.45310950695252306,-0.05744476406792965,0.16052215437318493,-0.021466371670298696,-0.05052672767606604,-0.18622205645761547,-0.2980161078400894,-0.18440530857320137,0.11658534366697584,-0.4703875748822982,-0.29870403263997486,-0.11145474009976386,0.22947550420786555,0.15988828772820143,0.058638550992514374,-0.3907822278904515,-0.08808391934826498,-0.20414502150832542,-0.04089214558330025,-0.5459786972866696,-0.2808895473707741,-0.12611633213418322,-0.05122182191364377,-0.3822786107803294,-0.36806213150234235,0.26181723518877126,0.12759464398913903,-0.024330493320639232,-0.3113057908182335,-0.19285330658475588,-0.13108123089546253,-0.4441167943169996,0.25630506577253587,-0.115804792951617
SLAMF1,0.14255072587892365,0.15775359372409886,0.42727650625171343,0.4112903453775324,0.3756890510037779,0.65463706945583,0.3539563736412924,0.22149266572255677,0.20561424920559063,0.32068213737051665,0.5156700499871449,0.1349197447840133,-0.09764588815473851,0.003436873274420143,1.0,0.4537603542070928,0.03768075139334197,0.424993258695144,0.27448576814176207,0.043520727969574464,0.34378060176304837,0.16830512655088495,0.10903395214323112,0.5680406958612411,0.15995796547266083,0.11205545352627591,0.28446598961618885,0.3677958609363057,0.14004861415704112,0.1755540959429958,0.19162843633057952,0.030667185198639167,0.23671873623334538,0.13660285291534685,0.1757703149263647,0.1498993102311048,0.16294582897388013,0.07012777300851811,0.09943015702616087,0.24280840279825194,0.32390469869302496,0.2695092138441284,-0.140892912727149,0.3353689055640879,0.2939063382779934,0.41323848246323575,0.09026407555541022,0.04707197185089166,0.15326814002092137,0.24534771797268617,0.0012012413323760074,-0.1583889018306364,-0.238290777257595,-0.4163267847907149,-0.21414437535750783,-0.3890622375706095,-0.41147012728185584,-0.280691607747243,-0.6310715517886809,-0.19363882155722528,-0.24861768883840063,-0.306838921911837,-0.2881103186014634,-0.32265182172651335,-0.149194961679273,-0.18136349575277452,-0.2743833664084949,-0.2685053117716969,-0.4589588786250023,0.21553630541987645,-0.3377938332512301,-0.2586554127478916,-0.12641357524078253,-0.3232990477786775,-0.14530277252778268,-0.019476171908346752,-0.49334816008982607,-0.19356471719794435,-0.26427318989826576,-0.548196457833626,-0.6257466983450533,-0.13747248350003483,-0.19474862184757907,0.0067563370965142595,-0.5232654257066836,-0.15846602226460732,-0.3027328240367929,-0.05953238617105187,-0.18125153194822544,-0.14287986444409678,-0.3314032741631252,-0.4742925097603224,-0.07743641553790885,-0.47286559808127315,-0.4880114938089676,-0.369230430763001,-0.5316437348628087,0.0265978560348204,-0.34904491718683983,-0.6103761192243098
ZBTB9,-0.1038434660594253,0.24310586354470645,0.5484507777671924,0.40090413510046563,0.04752546722346396,0.5509993482361146,0.48796456449224757,0.19709111730433326,0.25853778141746747,0.23593565116425602,0.3798107958164484,-0.19108608740561528,0.012564667376049679,-0.3971859629977006,0.4537603542070928,1.0,-0.16570327748212899,0.500610671712864,0.17561881007145907,0.32969715417518985,-0.034269685790751986,-0.1286590471669537,0.0025779587813837684,0.5721002302937886,0.12429161720804552,-0.31781388104372965,0.10357531392605195,0.6833143267731187,-0.05036854640497809,0.4687471614269372,0.2791826072618931,0.03640055618504916,0.03623259884765792,0.010243220965236513,0.40814627877901954,0.09078476636490987,0.2710147832687404,0.004979455218599636,0.014631781701096861,0.3619586646101839,-0.0044317216605742615,0.49456866608710603,0.10275026125362238,0.2040024615801229,0.34327833082573667,0.290329459184649,0.04940987719931125,0.1658393968135417,0.009892358432419743,0.20255904499087424,0.053970913523035076,-0.4897131969962656,-0.16420495208404212,-0.4231386630257053,-0.16178871821613322,-0.46401728331223924,-0.5186400065662022,-0.1580628915353109,-0.42081641722617935,-0.29553785550384526,0.035510472628795586,-0.2987875256078592,-0.19975902869284373,-0.3281253946338378,-0.5064391067103284,-0.44652874485711525,-0.103345113149984,-0.30559123508790725,-0.5138998238485405,-0.1133920487847277,-0.367916092843246,-0.26672269420677197,-0.10153297442189266,-0.1491861573142984,-0.298084793512802,-0.06692540481945009,-0.38273435055135485,-0.3025897884963774,-0.4751841805531997,-0.4547894808465957,-0.6181516093971214,-0.08715032969527212,-0.24815822461341844,-0.08307236818799717,-0.38985632193050535,0.02363614757038901,-0.31794842417758773,0.0031765619771249518,-0.27375813174206515,0.2141237958828447,-0.3022562754338373,-0.6607419205178661,-0.2575542869466307,-0.5419505409582168,-0.4168583605814259,-0.16071565376753422,-0.5040277179374028,-0.04359334523715307,-0.568889201309747,-0.5125218190294268
LINC00599,0.21279355119230253,3.119662790528402e-05,0.001274423102538641,0.34569648408823034,0.3247395813675169,0.2801897544516994,-0.32374500352666147,0.24643147921925027,0.17872436161394606,0.13794524051342807,0.18470918878370418,0.3546269551885963,0.16443945594575185,0.5143589046028971,0.03768075139334197,-0.16570327748212899,1.0,0.03003421073798998,0.42238767699081303,-0.355327659784084,0.6654877593613464,0.4309235313393993,0.21736074636691344,0.3112375792478519,0.08984599347732897,0.686159124192181,0.17240522785837137,-0.12353025798526968,0.5035375104768647,-0.551952417102467,0.06770032743786564,0.3797024033872537,0.086644896889761,0.2537448240826692,-0.10171309423605013,0.07223563642474493,0.20443802000057817,0.6433634186226136,0.2575607307926774,0.08204047511128651,0.3375854672489804,-0.24122505312864817,0.3826511120497683,0.21952452349018192,0.07106105241954198,0.40952563123560665,0.41167191645639367,0.3561145369989624,0.3222498102141463,0.24137254549464063,-0.547354548795112,0.17565055952159297,-0.5128457996358998,-0.2672165530247414,-0.40353460174962946,-0.2521531954651708,-0.07649863391032913,-0.495662032915526,-0.2413273221011321,0.2242319888873768,0.1646935026013784,0.10652209467113469,-0.38707806335213635,-0.21039953167313535,0.5905414628584449,0.5986691799387942,-0.5181811021889061,-0.1947206157289907,-0.11875301163819948,-0.22062218154687163,-0.1833101239115963,-0.40876817630953705,-0.27482404771219227,-0.1525725005015377,0.1491540991339167,-0.37338578900650876,-0.2456293413098499,-0.24314325004361942,-0.02596987498602782,0.13219799826657497,-0.03367541755820139,-0.42658481828942796,-0.16456687643043982,-0.30117182238292717,-0.20666456296285976,-0.5551427295138331,-0.39946789637110697,0.04873106987773094,-0.07428087661796802,-0.23820420135248288,-0.37373953205181937,-0.06421515157149289,0.2268792893226238,-0.13100819078580372,-0.4358889828545168,-0.3636476824590925,0.06257632916681603,-0.4705023847480826,0.06324282244646082,-0.2246216292623414
ANKRD34A,0.009503710290809805,0.16579105787582182,0.42598832069941717,0.41940316273485856,-0.04120961376036628,0.5131417756208969,0.30578461121851674,0.19868065784291072,0.28868442326536214,0.16793530257756123,0.3956833551678606,-0.07494059231714667,0.20336467077746395,-0.23004627037086806,0.424993258695144,0.500610671712864,0.03003421073798998,1.0,0.20714490191653595,0.26160065993705767,0.08906017094644128,0.06658704802639676,0.19265961233067186,0.3835198149567558,0.23851556161498952,-0.1419660177941456,0.029230237097099522,0.4686083161861075,0.2429440432938636,0.20902131595991433,0.26884162883192697,0.19929700921920934,0.2643105454630178,0.10209169132658713,0.2974806587786271,0.11061525804885347,0.1313609014241038,0.21164040984287674,0.08243637187352204,0.41693991829577515,0.17932653620983624,0.3760669262839018,0.15100925348977326,0.24086036950514692,0.31236836010179847,0.35852459907472545,0.10263326492401022,0.053352033856595434,0.028409863723970846,0.11275218293657802,-0.15495054964218202,-0.3047673685568674,-0.12730900702696005,-0.4252410222085914,-0.34544447218462565,-0.36935262837184746,-0.36455978068587275,-0.16079551333989256,-0.39679835990806395,-0.18627983484517835,-0.07366936153417539,-0.3129126079992421,-0.3929597056013499,-0.1981471407065474,-0.30247737862223045,-0.22957067203862494,-0.24450755449180478,-0.3151822998104033,-0.34551730760624744,-0.105693571084701,-0.38648104776337183,-0.22603080052586286,-0.12702301207299585,-0.2530827252910714,-0.14954849562553346,-0.11147769506865446,-0.3051245402324826,-0.2684014718968274,-0.39841652259975513,-0.2632347879096231,-0.45182314630427156,-0.16477344539034627,-0.1298904612491436,0.047750591642302366,-0.4219788457226381,-0.10719581613633294,-0.285483187224719,0.07949859707759604,-0.22439611815768912,-0.15802677641038712,-0.2919451983204476,-0.5881637406326393,-0.26086418857096627,-0.34649756558549927,-0.4393545894972106,-0.29141204932534215,-0.28277789251452323,-0.15965048767713397,-0.34370694537426033,-0.4708201112090299
CACNB4,0.156965755782341,0.12468557583578964,0.1837511249207425,0.4111370253326195,0.07959443994902804,0.4987027715002572,-0.1331327283121426,0.43427658919770706,0.3363853650117095,0.18788495604668776,0.23770268248920345,0.2187560469340491,0.2865137097739659,0.392092694285016,0.27448576814176207,0.17561881007145907,0.42238767699081303,0.20714490191653595,1.0,-0.14297598726177108,0.6127689715551359,0.48267143993821104,0.26503055607935133,0.48433683468418404,-0.019769665988215945,0.46262380371251066,0.06615974398115829,0.0772125801189082,0.36809409709834096,-0.18928899769364166,0.0957884960145364,0.26581308169409834,0.17652159667504452,0.27012419709798935,0.1449594833715607,0.13995183390832416,0.05332269968456113,0.3792161178694382,0.12894638564003047,0.347805549256368,0.242321366359235,-0.023832486705004305,0.3015752429757925,0.19446787903552398,0.22071471805961096,0.4612947952695637,0.34720585263222437,0.20735384005740032,0.18056102907066582,0.2677043292603709,-0.41058806414133264,0.02560140348616563,-0.3497037538837206,-0.3209322437100231,-0.4181779158513722,-0.36450037615391584,-0.24964614763295034,-0.5313755513491053,-0.39313818658551414,0.037202424036147305,-0.0031509930533289363,-0.12740052262487261,-0.4413143596902044,-0.3070860752826786,0.3151693273192886,0.1976797425235224,-0.44525921398262025,-0.36540058973276485,-0.2990200211955487,-0.12849963776129109,-0.24769249898962625,-0.4024360363330197,-0.2513772333497746,-0.22732591545200545,0.05780340731629943,-0.2662457010032372,-0.3967189896677945,-0.3146945116032758,-0.15336703032760415,-0.07760873689394526,-0.3361450332067301,-0.3796261816858022,-0.0903193153576224,-0.2660609166497353,-0.3220508492516645,-0.46456040460457204,-0.36734624124698134,0.0620700688319371,-0.09846828944990542,-0.2845948186674984,-0.430674720013363,-0.3637393737654094,-0.08952945268254725,-0.3003456276393349,-0.5779114108630639,-0.40034114690993294,-0.1473144021180794,-0.3279819311644284,-0.1229469471157777,-0.4448730072992294
